image_width: 1296
image_height: 964
camera_name: narrow_stereo
camera_matrix:
  rows: 3
  cols: 3
  data: [735.402447, 0.000000, 609.690888, 0.000000, 735.872016, 455.779065, 0.000000, 0.000000, 1.000000]
distortion_model: plumb_bob
distortion_coefficients:
  rows: 1
  cols: 5
  data: [-0.318882, 0.090165, -0.000417, 0.001277, 0.000000]
rectification_matrix:
  rows: 3
  cols: 3
  data: [1.000000, 0.000000, 0.000000, 0.000000, 1.000000, 0.000000, 0.000000, 0.000000, 1.000000]
projection_matrix:
  rows: 3
  cols: 4
  data: [547.387451, 0.000000, 615.810100, 0.000000, 0.000000, 615.369202, 443.736809, 0.000000, 0.000000, 0.000000, 1.000000, 0.000000]
